0.042879
0.262001
0.162511
0.096896
0.049898
0.125431
0.525834
0.322581
0.413678
0.996124
1.615040
0.086673
0.072939
0.009766
2.808924
0.206458
0.076754
0.134281
1.132389
0.246437
0.944548
0.392773
0.505692
0.861995
0.356151
0.036927
0.006104
0.007172
0.343028
0.533769
1.070742
0.249947
0.077822
0.027619
0.195166
0.097049
0.139470
1.127812
0.175634
0.229347
0.316019
0.906552
0.464492
0.551775
0.798975
0.448469
0.538347
0.151067
0.236976
0.117191
0.120701
0.047151
1.254158
0.478072
0.557878
1.718192
0.406049
0.281533
0.092471
1.079745
0.357372
0.110782
0.018769
0.026093
0.394757
0.455336
0.406049
0.062410
0.115818
0.637989
0.332804
0.623646
1.185492
0.204016
0.423139
0.104984
0.112308
0.021668
0.012665
1.427351
0.042573
0.451064
0.534074
0.176855
0.012207
0.914945
0.481582
0.093081
0.205695
1.192206
0.534989
0.261086
1.436811
0.203406
0.306253
0.403302
1.353801
0.077059
0.280618
0.102847
0.493637
0.262612
0.301675
0.210883
1.433912
1.309397
2.076937
2.722098
0.232551
0.157628
0.156560
0.196234
0.347911
0.058901
0.296793
0.076449
0.269173
0.897244
0.168615
1.996216
0.142827
0.194403
0.024567
0.527207
0.452132
0.107730
0.578631
1.064638
0.320597
1.133915
0.406049
0.207068
0.507523
0.396741
0.885495
0.499435
1.629841
0.035249
0.676748
0.736259
2.306284
0.020753
0.279550
0.060732
0.290841
1.142460
0.132450
0.524461
0.003662
0.263985
0.731071
0.235450
1.788842
0.358745
0.035707
0.426954
0.844600
1.692404
0.454573
0.729850
0.073550
0.540483
0.491501
1.388745
0.068667
0.326701
0.326090
0.715201
0.170293
0.159764
0.969268
0.256203
0.287027
0.150761
0.128483
0.442824
0.154729
0.840938
0.068514
0.910672
0.020600
0.098422
0.073092
0.786462
0.149236
0.009919
1.058840
1.201971
0.265206
0.193487
0.240486
0.680410
0.178838
0.058901
0.330668
0.023652
0.145421
0.873135
1.089053
0.040132
0.044099
3.711356
1.338084
0.933714
0.101474
0.019379
0.046693
0.544908
1.160466
0.269631
0.559404
0.454421
0.136570
0.166478
0.069430
0.237281
0.973693
0.334788
0.640736
0.161748
0.071871
1.249275
0.665456
0.082705
0.611438
0.044557
0.732597
0.475326
0.132908
0.147252
1.264077
0.058443
0.092471
0.111087
0.141758
0.561693
1.006195
0.597552
0.785852
0.241707
0.724662
0.026856
0.505081
0.428632
0.265053
0.003204
0.011292
0.348979
0.038148
0.438856
0.389111
0.093997
0.421461
0.290384
1.192511
0.100101
0.440992
0.421155
0.637837
0.085910
0.950194
1.139409
0.261849
0.561388
0.145878
0.519425
0.617847
1.119419
0.248268
0.278024
0.532853
0.148015
0.175787
0.216987
0.234535
0.561846
1.260262
0.453810
0.930052
0.200354
0.722526
0.369884
0.070956
0.471206
0.553148
0.303507
0.262764
0.129093
0.722068
0.203864
0.334025
0.013581
0.141301
0.015107
0.230110
0.574358
0.092929
0.210425
0.020295
0.158849
0.014649
0.045015
0.813471
0.256966
0.163732
0.652486
0.654469
0.057680
0.140385
0.012970
0.620899
0.596789
1.146428
0.478072
0.026246
0.121006
0.948668
0.423139
0.204932
1.780145
0.090487
0.255745
0.419630
0.208441
0.010681
0.235755
0.183569
0.030366
1.263161
0.159154
0.418104
0.295877
0.146641
0.794092
1.279183
0.322428
1.311533
0.026551
0.344096
0.115055
1.650746
1.529740
0.531022
0.100101
1.617328
0.082858
0.053865
0.328074
0.692007
0.188299
0.849788
0.051881
0.863521
0.423902
0.494552
0.217597
1.017182
0.694143
0.276193
0.171667
1.827754
0.206763
0.247047
0.159764
0.041963
1.298868
0.363628
0.432295
1.172674
0.089114
0.117344
0.808893
0.208899
0.095676
0.039064
0.915403
0.069735
0.038301
0.049440
0.267800
0.382397
0.240944
0.561846
0.273141
0.067904
0.280160
0.266732
0.012970
0.313883
0.233161
0.043947
0.162206
0.480361
0.591601
0.260170
0.801111
0.366832
0.598468
0.966063
0.275124
0.736412
0.549791
0.805231
0.070345
0.178991
1.403546
0.468917
0.326090
0.204779
0.094913
1.203345
0.336924
0.812708
0.201727
0.346538
0.306558
0.009308
0.626392
0.216376
0.769829
0.195929
0.597552
0.640584
0.392468
0.513474
0.131077
0.106815
0.221259
0.443434
0.495163
0.438093
0.117801
0.032502
0.030213
0.033723
0.577868
1.457869
0.218360
0.029908
0.269021
0.470901
0.665761
0.277718
0.079501
1.048769
1.302225
0.730155
0.533921
0.023804
0.382244
0.456557
0.556047
0.036927
0.172430
0.107730
0.213324
0.302438
1.054872
0.352184
1.160314
0.195166
0.066378
0.603656
0.511490
0.257576
0.048524
0.538957
0.413373
0.003204
0.424970
0.372326
1.148412
0.608844
0.083010
0.004730
0.195929
0.340587
0.134434
0.122837
0.153203
0.508744
0.174413
0.179907
1.156041
0.701468
0.140233
1.183050
0.364238
0.241401
0.150609
0.518204
0.012513
0.345012
0.343028
0.131535
0.308084
0.317850
0.419477
0.524613
0.359966
0.056764
0.293435
1.752983
0.897549
0.654317
0.180517
0.265358
2.089297
0.266427
0.258034
0.211035
1.033662
0.110477
0.801569
0.036622
0.880612
0.703452
0.683615
0.171209
0.725272
0.619068
0.136723
0.303354
0.728935
0.027772
1.060213
0.285653
0.599841
1.299936
0.019379
0.089572
0.857112
0.382244
0.168310
0.062258
0.004120
0.411237
0.140538
0.172735
0.308084
0.222480
0.767541
1.454665
0.352947
0.211188
0.421613
0.719932
0.542467
0.151830
1.321146
0.827204
0.682546
0.923948
1.610462
0.796533
1.147496
0.104068
0.135502
0.451674
0.498062
0.225990
0.069582
0.361644
0.044557
0.084536
0.132450
0.264748
2.059389
0.006409
0.827357
0.879391
0.017853
0.301065
0.403455
0.226600
1.798914
0.712760
1.805780
0.179601
0.156102
0.172430
0.993683
1.924192
0.180364
0.495468
0.032960
0.142216
0.738395
1.006043
0.961638
0.736869
0.381939
0.067904
0.379345
0.446638
1.125217
0.935087
0.419019
0.559252
1.265908
0.393231
0.340892
0.233161
0.844447
0.156713
0.399945
0.224464
0.256661
0.346538
1.109958
0.044099
1.559343
1.006348
0.827509
0.218207
0.987579
0.937071
0.488754
0.621204
0.152287
0.450606
0.469527
0.166784
0.068361
0.070040
0.716269
0.452589
0.133366
0.214850
0.635701
0.344707
0.359661
0.075991
0.321512
0.280770
0.296335
0.909757
0.121158
0.300760
0.061342
0.699637
0.416730
0.658742
0.089267
0.187078
0.261391
0.036164
0.378582
0.231025
0.992004
0.677053
0.457167
0.300760
0.279855
0.605945
1.079592
0.688955
0.451064
0.780663
0.518967
0.373241
0.066225
0.471969
0.121311
0.305643
0.082553
0.029908
0.133366
1.587573
0.514084
0.504929
0.056001
0.134129
1.058992
0.014649
0.867641
0.190893
0.104831
0.179907
0.219733
1.455733
2.154607
0.157018
0.848567
0.180822
0.330668
0.355693
0.242470
0.253304
0.491958
0.319071
0.052339
0.373852
0.072787
0.467391
0.376141
0.711692
1.095309
0.161443
0.057985
0.224616
0.483871
0.157323
0.149693
0.095065
0.372326
0.740532
0.086062
0.187231
1.406751
0.244606
0.907010
1.227149
0.507523
0.115207
0.812555
0.601367
0.384228
0.358745
0.735191
0.207984
0.450911
0.897244
0.016327
0.393994
0.081942
1.469314
0.190893
0.109714
2.150182
0.301218
0.085604
0.022584
0.139775
0.025941
0.762352
1.430555
0.187231
0.508591
0.993225
0.435804
0.311441
0.048219
0.321665
0.040742
0.346843
0.077059
0.820643
0.267495
1.445051
0.400708
0.519120
0.078585
1.173894
0.846583
0.126652
0.241707
0.054170
0.607013
0.814692
0.093387
0.333872
0.018616
0.058290
0.122837
0.587939
0.617084
0.478072
0.038301
0.009003
0.290384
1.103397
0.058748
0.225227
0.428480
0.107120
0.505997
0.124058
0.074618
0.427412
0.058443
0.001526
0.134892
0.224616
0.049745
0.285958
1.308176
0.533311
0.267037
0.195624
0.036317
0.465560
0.397961
0.401471
0.073092
0.080721
0.215461
0.149388
0.081179
1.678213
1.143223
0.676443
1.130863
0.059511
0.071718
0.022736
0.329752
0.676901
0.017701
0.585345
0.017853
0.455031
0.200049
0.302591
0.086673
0.187994
0.447401
0.323191
0.073397
0.260628
0.662099
1.921293
0.963164
0.037843
0.019532
0.109561
1.308481
0.031129
0.145878
0.009308
0.033570
0.350200
0.263070
1.068606
0.581683
0.137181
0.356761
0.120243
0.441450
0.337840
0.091861
0.000000
0.359813
1.421857
1.413160
0.159154
0.171056
1.210517
1.362194
0.185705
1.034425
0.070040
0.233924
0.222938
0.683157
0.660421
0.253151
0.027467
0.160070
0.510727
0.536058
0.207678
0.134434
0.467391
0.048677
0.052950
0.361644
2.737815
0.853908
0.001373
0.355846
0.438704
1.230201
0.809046
0.136418
0.096133
0.706961
0.202490
0.102390
0.186621
0.066836
0.019379
0.365154
1.125370
0.271310
0.250862
0.477920
0.155339
0.053560
0.204474
0.611438
0.075076
0.005341
0.594348
1.346629
0.266274
0.416120
0.821863
0.252388
1.009400
0.653249
0.025636
0.314798
0.250099
0.363781
0.687429
0.527360
0.432142
1.512040
0.059206
0.279244
0.577868
0.058138
0.272378
0.141148
0.830103
1.175573
0.385449
0.263527
0.398572
0.151372
0.674764
1.042207
0.549638
1.499680
0.162053
0.857112
0.052950
0.420545
0.175787
1.148106
0.440687
0.060427
0.583666
0.409406
0.148320
0.127567
0.207526
0.086215
0.227210
0.030976
0.413373
0.087283
0.386822
0.221259
0.368816
0.388501
0.451979
0.046541
0.732292
0.289621
0.322123
0.018616
1.003754
0.388958
0.171361
0.223243
0.960875
0.567797
3.053529
0.159459
0.243080
1.592761
0.207831
0.349437
2.228156
0.329600
0.098117
0.129551
0.093844
0.272835
0.240944
0.578478
0.196081
0.403150
0.071108
1.052126
0.290231
0.255287
0.869320
0.062258
0.143132
0.626545
1.783654
0.050508
2.812891
0.063936
0.335704
0.153356
0.876949
0.938444
0.237129
0.219123
2.247536
0.235908
0.405133
0.101779
0.981780
1.787774
0.008240