12.14
12.43
12.22
12.92
12.23
11.54
13.10
11.00
10.79
10.90
10.80
10.68
11.68
11.67
12.56
11.60
10.35
12.54
11.73
11.22
12.81
11.61
12.12
12.73
12.85
13.27
12.70
12.90
12.99
12.78
12.58
12.36
11.74
12.93
11.80
11.62
12.61
11.51
12.45
12.49
12.29
11.88
12.16
11.35
11.94
11.13
11.92
11.71
11.91
11.42
12.12
12.14
12.37
12.79
12.89
12.38
11.16
11.34
12.22
11.91
11.71
11.92
11.54
11.66
11.18
11.48
11.27
11.75
11.83
11.71
11.92
11.23
12.16
11.79
12.18
11.32
11.24
11.96
11.99
11.68
11.86
11.23
11.21
11.72
11.75
12.28
11.64
11.62
11.49
11.67
11.62
11.71
11.96
11.95
11.93
11.81
11.94
11.00
10.94
10.64